.Random.seed <-
c(403L, 10L, 1978271846L, -115574527L, 1430540179L, 1725694018L, 
1376667636L, 1433014775L, 2032997869L, 1567348356L, 211380394L, 
-1666009579L, -554644817L, -1001807690L, -1235812640L, 930849315L, 
-1491464895L, -1041493968L, -1502926258L, 1981730489L, 679017163L, 
-508372102L, 813312636L, -309035329L, 1041786773L, 598146988L, 
526466434L, 1342341981L, 890244695L, -684733122L, 105250168L, 
1516531291L, 633194937L, 900873224L, -307738954L, 323589617L, 
2111663139L, -13130638L, 1819801284L, -1347841913L, 214774877L, 
375683668L, -638013318L, 1859163077L, -673250017L, 785908902L, 
-635791824L, -1528607533L, -490478863L, -1648086496L, 1901163710L, 
210157769L, -318094725L, -690878390L, 1061042348L, 1363386287L, 
-319468699L, -2066489060L, -455030414L, -99788307L, -1752535513L, 
1974648398L, -1552440664L, -1950457685L, -949802551L, 1199695320L, 
912544902L, 1716582753L, 757652723L, 1542169442L, 1761816020L, 
2023385303L, 373586637L, 362318436L, -1348812726L, 870131125L, 
1950877967L, -546392554L, -2022010688L, 1392576131L, -2133646687L, 
-1972788080L, 614575982L, -1163646695L, -1459131989L, -2143803494L, 
806270812L, 1291118175L, 613742133L, -1875495476L, 640128290L, 
868843389L, 836015223L, -1536595554L, 229425240L, 1627839931L, 
-564669607L, 1275912424L, -1857527530L, -459390319L, -1368494269L, 
196479570L, 489028836L, 310535975L, 1683555197L, -1494862220L, 
161998938L, 1369657509L, 229577407L, 202656070L, -295100464L, 
408508915L, -255380207L, -832310976L, 357458206L, 235443689L, 
1153718043L, -690200278L, -219170228L, 345318927L, 485034309L, 
-1964371204L, 488999250L, 2105908941L, -1587743097L, 580952430L, 
483769160L, 1666678603L, 1662928553L, -957326344L, 1273799462L, 
1019954241L, 1323877843L, -1663735934L, -1364579404L, 297640759L, 
47096365L, 416547652L, 790505578L, 1989022421L, 963701871L, 1002120566L, 
-79049056L, 1404521315L, -1103929343L, 956967792L, -1808202994L, 
-826851975L, -1713153781L, 1776781882L, -1162600132L, 605073023L, 
-1716914731L, -2035061780L, -1699574462L, 2072343197L, 1205214999L, 
1279852158L, 182681144L, 1935771931L, -442798471L, -1508758840L, 
970349302L, -1240116431L, -1014004893L, -957228750L, 1261529732L, 
709854919L, -529379939L, 1315244308L, 299444154L, 707432965L, 
827507679L, 813300326L, -736397840L, 1819226899L, 638311601L, 
-628695200L, -992740098L, 665607305L, -732177477L, -1138641526L, 
885675116L, -25924113L, 1570989605L, 981279452L, 1419442354L, 
438614957L, -1481015449L, 739126414L, 1639426408L, -353625749L, 
205552393L, 1911459224L, -1717297978L, 616334881L, 682567347L, 
-545387486L, -1525541356L, 1209240215L, -12524403L, -2090866268L, 
-881863798L, -68812811L, -707154353L, 486742358L, 216916992L, 
-1798902461L, -541982495L, -266053040L, -1561033042L, -238800295L, 
-525968789L, -1272328230L, 1381134492L, -434216289L, -1907977995L, 
-684164724L, 596505698L, -921422787L, -2060388681L, 1135383902L, 
-99074920L, -1372272645L, -1310216807L, 106114600L, -962513194L, 
997835601L, 1009747459L, 1545822924L, 2068563452L, 1603844018L, 
-1669730320L, 1830108612L, -469243560L, 1058286970L, -668230224L, 
464607676L, 1132030548L, -581939774L, 144239392L, -87258180L, 
-881675184L, -1183860766L, 25631592L, -964581556L, -1092060420L, 
993587954L, 173019392L, 1490957428L, 174504456L, 620323258L, 
-2095113776L, 1416434668L, -1400834156L, 1429906642L, 1501507680L, 
1029888332L, -1139900640L, 6849154L, -949964312L, -575241236L, 
-733823428L, 1862857330L, 710276976L, 796901668L, 652885560L, 
937397658L, -195553840L, -504188484L, -1808246124L, -844949886L, 
-1574495808L, -1023893700L, 1298736784L, -88317150L, 1565077000L, 
396027660L, -1363591268L, -1529513966L, 939041664L, 922451732L, 
-1759647448L, -1441621958L, 1029982160L, -405282196L, 1752818740L, 
-1685312366L, -643721888L, -1433468596L, 317129184L, -1109461086L, 
-1840717912L, 1674718348L, -1608979524L, 1574338674L, -1073695760L, 
1455153220L, -1754385320L, 1520281658L, -1584709520L, -1869354436L, 
-249468140L, 651345602L, 2137104096L, -494738308L, -1332301616L, 
-1947548766L, 497566248L, 1134910732L, 302746556L, -130814670L, 
793928896L, 1999568436L, -1274984760L, 1163316922L, 1422592144L, 
1702030060L, -402455980L, 1505650322L, 62847776L, 39992268L, 
-1625844512L, -2069177662L, -1430470616L, -1485511764L, 1044697788L, 
-175284750L, -2087899600L, 616351652L, -377723464L, 478381914L, 
1547061392L, 1291207548L, -1684595948L, 1906794818L, -1581694208L, 
-1549752388L, -2147237040L, -709366494L, 434239048L, 2097989644L, 
-1643550628L, 101691858L, 824037888L, -221341356L, -1577794328L, 
1733639418L, 1238507216L, 1924572460L, -1709823756L, -382186094L, 
-359206560L, 2101579788L, -890710304L, 1262520930L, 786671272L, 
1219511884L, -1414012036L, 519628082L, 1252726384L, -2051036348L, 
-1878957096L, 548302714L, -23827920L, 1427221436L, -1535978924L, 
362914882L, -287473504L, -620225860L, -903365168L, -2050816158L, 
-64533784L, -754338612L, 1688571388L, -405653006L, -2137033088L, 
-259525132L, -1626369400L, -1836564678L, 871858000L, -659637140L, 
-1295157868L, 1126794322L, -1013540384L, 14240972L, -229898080L, 
-1892398718L, 73357544L, 1024850668L, 1895785788L, -744577934L, 
2083540080L, 262730788L, -369815496L, -1295326438L, -1708514096L, 
1941410620L, -1787461740L, 1884551042L, -124916288L, -1218989508L, 
-955590256L, 1871663650L, 1803078920L, -1297554804L, -2127444196L, 
-1129633646L, 1566427520L, 68028948L, 67068712L, 1906155066L, 
-1169108528L, 1602647404L, -440144972L, -1694569454L, -1119512096L, 
722516940L, 629467360L, 1140482082L, -1904882392L, -1044861428L, 
-1955767492L, 1289577458L, 1144028912L, -914128316L, -1200558504L, 
-2039561414L, 333857264L, -1829441860L, 1112313108L, -813852990L, 
-1595484064L, 1580955516L, 1124285392L, -1320465118L, 1031128744L, 
-600220788L, 1962560700L, -835664078L, 1020525120L, 1735176372L, 
1816083016L, -1357304390L, 497439248L, 323860204L, 536347988L, 
-747088622L, -155498080L, -472844596L, 1431846496L, -626259006L, 
-1237693656L, -139121748L, -765083844L, 663813490L, -1474280338L, 
1143121916L, -976388755L, -1217079529L, -1434663200L, -188287810L, 
-1324154229L, -1175598835L, -1335517894L, 598891896L, 1340905249L, 
2072137683L, 1215125236L, -1247393918L, 886959639L, 19481825L, 
1502372390L, -236551388L, -373929003L, 411044735L, -39178728L, 
626390326L, -877966397L, -133049851L, -1704089182L, -2012500592L, 
-1122017991L, 777058795L, -1939793188L, -446980342L, -550465025L, 
-1914406839L, 1888326110L, -1680885364L, -1828498083L, 1240733031L, 
-1790753136L, 702965934L, -1391736485L, -265577155L, 262123434L, 
-1590761400L, 1236648049L, -527200797L, 1907575012L, 643122194L, 
829009895L, 193796017L, -1520711178L, -988269548L, 348777253L, 
958704687L, -1925136920L, -1883481402L, 1351877491L, 1640123349L, 
1430762418L, 631448960L, 1999887721L, -896331301L, 124483884L, 
1651178298L, 1990112751L, -653856647L, -822052082L, -2056229156L, 
-871981747L, -2076667721L, -776566208L, -423177442L, -1127163413L, 
-683895443L, 901675994L, -1669042792L, -891464703L, 1341294003L, 
1107905748L, -31024670L, 213447799L, 1942776257L, -218688698L, 
2087419524L, 1684760629L, 647886879L, -315572360L, -1590282666L, 
-488289565L, 1725000869L, -1508395710L, -962591952L, -532093095L, 
111226059L, -1962189508L, -1283458710L, 1461441439L, -1810141655L, 
543240382L, 1092815276L, 1272960765L, -677981625L, -1090109136L, 
-1027691954L, -99798405L, 782856669L, -1924646902L, -2047530712L, 
-1413179503L, -734299773L, 174888580L, -1981840206L, 1347507207L, 
1392230481L, -892211242L, -290201932L, -1464779067L, 753602575L, 
1665466504L, -1026276954L, -1287636653L, 1906690741L, -912449518L, 
-1882836512L, 298771529L, -1839910277L, -1936868532L, -1837502758L, 
-703151409L, 1711202969L, -156242258L, -1170150468L, -1326214099L, 
171080663L, 1872908832L, -695766146L, -1585504949L, -962470067L, 
-22039174L, -179771464L, -84984479L, -560959213L, 1466108212L, 
-649395390L, 1319088983L, -900394335L, 173302630L, 1723850084L, 
